# R script for Peak Model
#  -- generated by MACS
p <- c(0.0324358056038,0.0378417732044,0.0428599213902,0.048148367956,0.0540479239028,0.0542829659724,0.0548705711464,0.0544239912141,0.0544004870072,0.0543887349037,0.0545885206628,0.0546237769733,0.0550938611125,0.0555874494586,0.0554346721134,0.054811810629,0.0549293316638,0.0549410837672,0.0543299743863,0.0545767685594,0.0541066844202,0.0537306171088,0.0533780540044,0.0528492093479,0.05248489414,0.0529784824861,0.0525436546574,0.0526846798991,0.0530254909001,0.0526729277957,0.0533780540044,0.0532487808662,0.0540361717993,0.0546120248698,0.0551408695264,0.0553053989751,0.0551643737333,0.0554464242169,0.0557167225969,0.0560105251839,0.0555169368377,0.0558107394247,0.055916508356,0.0559047562526,0.0557167225969,0.0548823232498,0.0555286889412,0.0555169368377,0.0548823232498,0.0551408695264,0.0556932183899,0.05596351677,0.0551996300438,0.0547412980081,0.0544474954211,0.0552936468716,0.0549058274568,0.0547177938011,0.0555992015621,0.055646209976,0.0551878779403,0.0555169368377,0.0558459957352,0.0559752688734,0.0559282604595,0.0556932183899,0.0554229200099,0.05596351677,0.0560692857013,0.0557754831143,0.0555286889412,0.0552231342507,0.0551056132159,0.0554816805273,0.0551996300438,0.0554346721134,0.0561985588396,0.0555756973551,0.0551643737333,0.0553641594925,0.0557989873212,0.0558107394247,0.0556344578725,0.0558459957352,0.0558342436317,0.0553171510786,0.0549763400777,0.0552348863542,0.0548705711464,0.0549058274568,0.0545767685594,0.0543887349037,0.0544122391106,0.0540244196958,0.0547412980081,0.0551878779403,0.0552231342507,0.0555286889412,0.0558812520456,0.0556932183899,0.0554934326308,0.0555874494586,0.0560105251839,0.055622705769,0.0551761258368,0.0555286889412,0.0557989873212,0.0553406552855,0.055352407389,0.0552936468716,0.0551878779403,0.0555992015621,0.0555051847343,0.0563395840813,0.0568919329448,0.0561515504256,0.0557872352178,0.0550938611125,0.0550115963881,0.0560927899082,0.0567861640135,0.0563748403917,0.0560575335978,0.0554464242169,0.0558812520456,0.0560457814943,0.0560575335978,0.056797916117,0.0568801808414,0.0555992015621,0.0551996300438,0.0551996300438,0.0561162941152,0.0564806093231,0.0563043277709,0.0565511219439,0.0571739834284,0.0574325297049,0.0578203491197,0.058219920638,0.0588780384329,0.0597711982974,0.0596771814695,0.0595244041243,0.0593363704686,0.0592188494338,0.0588662863294,0.0589603031573,0.0587722695016,0.0588545342259,0.0588545342259,0.0581611601206,0.0575970591536,0.057362017084,0.0570564623936,0.0569271892553,0.0568919329448,0.0570564623936,0.0572797523597,0.0575735549467,0.0575265465327,0.0575970591536,0.0573032565666,0.0575147944293,0.0583962021902,0.0586782526738,0.0585959879494,0.0584784669146,0.0581023996032,0.0583844500868,0.0583962021902,0.0586194921564,0.0590778241921,0.0592070973303,0.0586547484668,0.0585842358459,0.0582316727415,0.0581494080172,0.0586077400529,0.0584784669146,0.0581964164311,0.0583256895694,0.0587370131911,0.0589720552607,0.0590073115712,0.0595008999173,0.059959231953,0.0603235471609,0.0604410681957,0.060570341334,0.0604998287131,0.0601590177122,0.0600062403669,0.0597006856765,0.0597594461939,0.0603940597818,0.0605820934374,0.0605233329201,0.0604880766096,0.0600532487809,0.0609229044384,0.0611696986114,0.0617690558889,0.0619453374411,0.0621686274072,0.0608994002314,0.060817135507,0.0609111523349,0.061110938094,0.0616632869576,0.0617690558889,0.0619100811306,0.061404740681,0.0619100811306,0.0615692701297,0.061698543268,0.0621333710968,0.0617690558889,0.0617573037854,0.0614987575089,0.060546837127,0.0607701270931,0.0604763245061,0.0603588034713,0.0601707698157,0.0605115808166,0.0602060261261,0.0601590177122,0.0604410681957,0.0601942740226,0.060546837127,0.0604528202992,0.0601472656087,0.0590895762955,0.0596066688486,0.0598534630217,0.06025303454,0.0602295303331,0.0598534630217,0.0604763245061,0.0605585892305,0.0602177782296,0.0609229044384,0.0622508921316,0.0621451232002,0.0620746105794,0.0620276021654,0.0623801652698,0.0626739678568,0.0626504636499,0.062579951029,0.0630500351682,0.0631910604099,0.0630382830647,0.0627444804777,0.0625211905116,0.0622038837176,0.0628384973055,0.0627797367881,0.0626739678568,0.0632733251343,0.0633908461691,0.0631558040995,0.0636611445491,0.0644367833788,0.0645425523101,0.0650008843458,0.0648128506901,0.0649773801388,0.0652006701049,0.0653416953467,0.0658117794859,0.0661525904868,0.0655649853128,0.0655884895198,0.0654592163815,0.0655414811058,0.0657530189685,0.065764771072,0.0660468215555,0.0656354979337,0.0653181911397,0.0656825063476,0.066011565245,0.0662348552111,0.0672220319034,0.0667049393503,0.0664581451773,0.0665521620051,0.0660703257624,0.066305367832,0.0666696830399,0.0659057963137,0.0662231031077,0.066599170419,0.0664698972807,0.0668577166956,0.0677978849739,0.0679624144227,0.0693726668402,0.0701483056699,0.0713940286387,0.0742262855773,0.0756365379948,0.0770467904124,0.0789623832796,0.0819826738738,0.0834634389123,0.0854612965038,0.0865307379205,0.0883523139598,0.0896215411356,0.0902326505165,0.0909377767253,0.0909965372427,0.0916311508306,0.091713415555,0.0923832854533,0.0928181132821,0.0936055042152,0.0933234537317,0.0930414032482,0.0926535838333,0.0929826427308,0.0945339203901,0.094310630424,0.0942401178031,0.0944986640796,0.0944516556657,0.0943811430448,0.0954035760476,0.0963319922225,0.0956268660137,0.095168533978,0.0948277229771,0.0956856265311,0.095732634945,0.0962262232911,0.0961674627737,0.0963554964294,0.0957678912554,0.0953683197371,0.0971193831556,0.0979185261922,0.0982358329862,0.0982240808827,0.0983886103314,0.0978127572609,0.0983651061244,0.098623652401,0.0999046316803,0.100080913232,0.0999633921977,0.0998341190594,0.0993170265063,0.099458051748,0.0994462996446,0.100022152715,0.100186682164,0.100374715819,0.100398220026,0.100292451095,0.100421724233,0.100645014199,0.100633262096,0.100938816786,0.101667447202,0.102337317101,0.102748640722,0.103512527449,0.103559535862,0.104452695727,0.104758250417,0.105369359798,0.105733675006,0.105909956558,0.105980469179,0.105157821936,0.105992221283,0.10601572549,0.105592649764,0.105639658178,0.105463376626,0.106168502835,0.106944141665,0.106908885354,0.107355465286,0.108001830978,0.107966574667,0.107073414803,0.107049910596,0.107167431631,0.107696276287,0.107049910596,0.106568074353,0.107143927424,0.107896062046,0.108013583081,0.107625763666,0.108612940359,0.109094776601,0.109083024498,0.108695205083,0.109200545533,0.109670629672,0.109447339706,0.108765717704,0.108095847806,0.108084095702,0.108354394082,0.108765717704,0.109118280808,0.109776398603,0.109776398603,0.109694133879,0.110399260088,0.110716566882,0.111727247781,0.111821264609,0.11138643678,0.111762504091,0.112091562989,0.11243237399,0.112784937094,0.11351356751,0.114500744202,0.115029588859,0.115863988206,0.116533858104,0.116804156484,0.116956933829,0.117250736416,0.117673812141,0.11780308528,0.118496459385,0.117638555831,0.117274240623,0.117333001141,0.118132144177,0.118837270386,0.119636413423,0.120553077494,0.121387476841,0.122621447706,0.122433414051,0.12340883864,0.125018876816,0.125183406265,0.125441952541,0.126135326647,0.126581906579,0.126511393958,0.126699427614,0.127334041202,0.128615020481,0.128908823068,0.128685533102,0.129943008174,0.130765655418,0.131705823696,0.132457958319,0.133245349252,0.134115004909,0.134044492289,0.13523145474,0.135431240499,0.136618202951,0.137158799711,0.138040207472,0.138334010059,0.138898111026,0.139344690958,0.140038065063,0.141201523308,0.1408372081,0.141871393206,0.142094683172,0.141695111654,0.142294468931,0.143363910348,0.143610704521,0.143998523936,0.144292326523,0.145009204835,0.146525226184,0.147571163394,0.14864060481,0.149898079883,0.150661966609,0.151719655922,0.152072219026,0.153247429374,0.154340374998,0.154610673378,0.155174774345,0.154763450723,0.155021997,0.155785883726,0.156267719969,0.156820068832,0.158112800215,0.159558308943,0.16015766622,0.162261292743,0.162461078502,0.164082868782,0.165387352269,0.166762348376,0.167878798206,